CONTROL	GUT	IMMMUNE
AAGAB	2347	2903	3122
ABCA7	1826	525	299
ACTN1	74	71	324
ACTR2	241	692	186
ADA	1850	708	817
ADAD1	19820	20550	17151.5
ADAM15	531	568	774
ADO	1110	4638	2973
AHRR	7172	5080	1603
AHSA2	442	548	657
AIRE	7972	13752	11104
AMT	1065	1219	835
ANKMY1	8167	7529	5689
ANKRD55	8297	12168	1074
AOC2	4775	9885	3814
AOC3	100	190	2109
AP1M2	9905	687	5868.5
AP2S1	469	494	417
AP4B1	2722	4601	3436
APEH	706	877	853
APOBR	1467	551	131
AQP12A	15523	14655	20627.5
AQP12B	13975	17072	18563
ARCN1	525	876	666
ARFRP1	2603	3009	2444
ARHGEF2	1021	1831	1221
ARIH2	642	1830	2979
ARL5C	16985.5	21790	17098
ARMC5	1803	3900	3322
ASCC2	1337	951	312
ASCL5	7229	16635	17274
ASH1L	1945	3790	4597
ASIC2	4983	17251	17541
ATF6	2671	4445	1511
ATG16L1	2274	3566	2168
ATG4D	1258	1653	1730
ATG5	3193	4251	4217
ATP2A1	21	3145	324
ATP5D	101	226	255
ATP6V0A1	301	1547	1423
ATP6V1F	147	336	304
ATRIP	6467	7821	6537
ATXN2L	316	363	498
B3GNT2	849	2130	323
B4GALT5	315	883	531
BACH2	5697	8951	7469
BANK1	7152	1165	1183
BCAT2	532	647	2568
BCKDK	767	1170	730
BCL2L15	11233	1220	5247
BCL7C	2493	3866	3321
BCL9L	1402	2419	3412
BECN1	1365	1296	1763
BSN	1309	17571	12985
C11orf30	5431	7555	5937
C11orf71	13230	18442	11436
C15orf53	16819	20762	15414
C16orf93	1758	7459	3513
C19orf26	1566	8959	7447
C1orf106	11885	1523	4468
C1orf141	8169	23482.5	18898.5
C1orf53	5431	8627	4335
C20orf195	12683.5	13880	10173
C20orf62	13324	20624.5	13924
C21orf2	1727	2364	2045
C21orf33	211	325	301
C3orf18	1099	2507	6293
C3orf62	7063	7183	1056
C3orf84	19120	23407	19189.5
C5orf47	16179	22085	14223
C6orf58	16059	3122	17066.5
C6orf99	15581	11082	12595
C7orf71	18961	20732	12605.5
C7orf72	16096	24715.5	18954
C9orf163	13368	14079	12884
CA11	50	1344	3904
CABP7	824	11473	14990.5
CACNA1S	241	15218	3919
CACNA2D2	2553	6039	5309
CACNB1	388	7257	3823
CALM3	12	217	207
CAMKV	72	16869	10224
CAMSAP2	1174	4622	4099
CAMTA1	1883	6779	8798
CAPN10	2653	3225	1908
CARD6	3918	3784	1089
CARD9	5646	8845	3032
CASC3	383	715	399
CAST	235	431	895
CCDC101	851	1919	1282
CCDC116	12569	14457	13313
CCDC122	12008	13157	12626
CCDC157	8127	12518	7864
CCDC36	12387	13161	10206
CCDC51	4331	3607	3905
CCDC71	3576	3009	3044
CCL1	17909	19858.5	9309
CCL11	680	768	11586
CCL13	221	982	10154
CCL2	25	65	253
CCL7	3714	7419	7035
CCL8	1104	2841	11070
CCNI2	6841	7716	1133
CCNY	936	1905	1200
CCR10	6306	3379	2288
CCR6	14958	4441	1447
CD19	8866	171	263
CD226	9599	15261	421
CD244	4990	10175	782
CD40	1057	1248	264
CD48	2078	876	124
CD5	8612	2494	452
CD6	7080	1269	520
CDC37	277	369	270
CDH1	3534	403	1841
CDH22	1261	11535	16668
CDH3	5186	570	5147
CDHR4	6844	14574	17441
CDK12	5725	6153	3036
CDKAL1	5060	9067	6627
CDKN2D	461	2349	164
CELSR3	1566	12965	10079
CENPW	3451	1593	1584
CEP192	3706	6028	3496
CEP72	9065	10933	7546
CEP76	9033	10735	10009
CISD1	963	1664	3862
CISH	311	2316	503
CLEC16A	3305	4875	4069
CLK2	1377	919	834
CLN3	8035	3340	2695
CNN2	538	436	104
CNTD1	13538	3386	12523
CNTNAP1	351	472	1890
COA3	459	224	544
COASY	1436	640	974
COL7A1	1242	573	2831
COX6A2	22	38	96
CPEB4	1046	2661	2201
CRB1	6782	22577	17599
CREB5	2576	5815	629
CREM	838	4561	1408
CSF2	14226	10468	11927
CSF3	68	686	3801
CTF1	2332	2723	7178
CUL2	2320	4820	3721
CXCR5	13574	12394	7533
CYB561D2	2489	1198	1125
CYLD	1305	3311	1914
DACT3	510	1108	8168
DAG1	578	991	2076
DALRD3	2357	2249	1862
DAP3	882	1454	1358
DBP	1443	1529	1505
DCLRE1B	6719	8068	5747
DCST1	11475	14265	12014
DCST2	6118	7430	9724
DCTN4	1228	3163	2617
DCTPP1	1432	748	684
DDX6	1153	2088	641
DENND1B	7000	7792	7921
DGKD	177	395	1051
DHX58	1329	2258	1010
DLD	251	403	1349
DNLZ	1332	2162	2620
DNMT3L	16665	20017	3248
DOCK3	1598	5504	13662
DOK6	3023	12874	12151
DPM3	1370	966	1274
DPP4	909	923	3127
DUSP12	2939	4807	3545
DUSP28	3167	8199	6207
DYNC2LI1	3402	7420	5933
DYRK3	4246	5887	6189
E2F3	1828	6288	2614
EBF1	1125	3990	3847
EEF1A2	18	47	222
EFNA1	734	442	78
EFNA3	8779.5	4528	9270
EFNA4	6930	2213	4243
EGR2	560	2691	1027
EIF2D	1897	1467	1025
ENOX1	5918	5404	12765.5
ERAP1	1838	2969	832
ERAP2	2998	2636	1145
ERBB2	637	447	2379
ERRFI1	47	42	115
EVX1	17375	13148	19581
EXOC3	1589	1719	1720
EZH1	199	1041	1045
EZR	199	112	253
F11R	13702.5	13678.5	9517
FAIM3	1878	197	229
FAM134C	2098	1739	1885
FAM189B	2210	2023	3837
FAM212A	2468	2434.5	3944.5
FAM213B	3423	4181	5918
FAM83E	16370	607	15316
FAM98B	4309	7388	4327
FAP	1730	5214	9108
FASLG	13266	11241	4122
FBRS	1768	839	576
FBXL19	1621	3148	3432
FBXL20	7120	9224	4100
FBXO18	1987	2492	2040
FBXW12	16502.5	15844	17304
FCGR2A	887	3927	60
FCGR2B	1405	2242	1058
FCGR2C	1634	2982.5	1743
FCGR3A	154	2280	108
FCGR3B	773	4508	7
FCRLA	8057	1443	428
FCRLB	7951	13748	7996
FDPS	919	246	471
FGF21	8014	15534.5	377
FGFR1OP	4968	6567	3840
FKRP	4626	5457	5752
FLAD1	3565	3870	4130
FLNC	12	51	1458
FNDC1	2334	2886	12489
FOXR1	19134	23405	15128
FUS	127	281	213
FUT1	3568	492	7299
FUT2	10114	1409	15222
FYN	613	1740	747
FZD8	2119	2951.5	2982
GALC	2514	5994	3205
GATSL3	5314	3504	6686
GBA	2824	2459	689
GCA	1413	3419	42
GCG	8999	438	12442
GDF9	11650	7692	13344
GHDC	2547	3144	1851
GJD4	12788	20811	15622
GLS	594	1615	803
GMEB2	4582	5063	2562
GNAI2	333	542	180
GNAT1	14629	19520	15948
GNG8	1357	9359	3886
GNPDA1	2248	3891	1798
GON4L	4421	5815	4204
GOT1	72	154	88
GPR183	291	767	214
GPR25	18199.5	10785	6998
GPR31	20698.5	19914	19085
GPR35	5595	748	2839
GPR65	6064	4175	1330
GPSM1	1626	5626	6081
GPX1	100	254	39
GPX3	1	7	33
GPX4	63	316	210
GRB7	2239	596	2780
GSDMA	6758	5023	8266
GSDMB	416	487	500
HCN3	2072	5554	9713
HCRT	32	20503.5	12209
HELZ2	1543	3248	1196
HEMK1	3891	3124	2814
HES5	2176	12237	8530
HIC2	7421	7753	8695
HIPK1	1383	2636	943
HMHA1	2612	372	245
HNF4A	11903	829	666
HORMAD2	17084	23120	9836
HOXA1	13296	8118	9259
HOXA10	1300	1743	9953
HOXA11	1504	1541	16332
HOXA13	9406	4021	18140
HOXA2	1815	6543	8382
HOXA3	4641	3612	10769
HOXA4	8755	5158	14270
HOXA5	894.5	1562	4413
HOXA6	8040	3631	16395
HOXA7	3685	3086	12355
HOXA9	10418.5	11094	13615
HSD17B1	4580	8247	6284
HSD17B14	1363	1665	481
HSD3B7	669	1474	143
HSPA6	30	489	29
HSPB9	10845	12860	5616
HYAL1	1028	1383	478
HYAL2	159	457	69
HYAL3	6248	7500.5	3001.5
ICAM1	187	432	152
ICAM3	2256	1070	64
ICAM4	6301	11438	3049
ICAM5	581	11504	5634
ICOSLG	2135	5359	3207
IFIH1	890	3381	967
IFNG	7177	12301	793
IFRD2	484	579	794
IFT46	2133	4666	5486
IKZF1	6948	2803	1291
IKZF3	11471	7009	1378
IL10	2393	6876	1943
IL12B	19756	22459	7826
IL12RB2	3096	12856	2409
IL13	10469	16844	11348
IL15RA	2009	3526	2223
IL18R1	2235	4601	333
IL18RAP	2786	5459	99
IL19	20382	2053	13074
IL1R1	360	505	686
IL1RL1	468	575	1649
IL1RL2	10328	5881	8543
IL2	16612	16616.5	14930
IL20	9512	14006	11193
IL21	19934	17138	14480
IL23R	17617	17035	6482
IL24	1532	1401	620
IL27	6799	10974	1399
IL2RA	4988	4326	1746
IL3	17203	22935.5	18967.5
IL4	17051	20394	8568
IL5	14853	19020	15552
IMPDH2	154	250	215
INPP5D	2091	417	374
INPP5E	2410	2401	1838
INSL4	16100	16924	20161.5
INSL6	17650	20654	12541
IP6K1	1137	2175	1254
IP6K2	477	1103	1868
IPMK	4696	6361	3032
IQCH	13633	16350	16067.5
IRF1	429	457	214
IRF5	2089	2015	481
IRF8	1417	460	433
IRGM	6770	13884	12218.5
ITGAD	5292	15265	1959
ITGAL	3570	589	184
ITGAM	2357	6351	243
ITGAX	556	2324	83
ITLN1	11	120	40
ITLN2	1804	110	9539
IZUMO1	12754	686	11393
JAK2	731	4220	1650
JAZF1	5604	7371	1920
KAT2A	247	417	301
KAT8	762	1654	824
KCNH4	2845	16280	12343
KCNH7	15294	16668	6039
KCNK10	7199	11161	18372
KCP	6274	10380	9843
KEAP1	436	1658	2027
KIAA0907	963	1535	2443
KIAA1109	2338	4298	3723
KIAA1841	7455	11723	10037
KIAA1919	10763	12217	8624
KIF1A	106	7854	8871
KIF21B	1493	4265	984
KIF3A	1329	9565	1775
KLHDC8B	396	498	742
KMT2A	2565	5649	3641
KRI1	2049	1108	1520
KSR1	2789	4131	1700
LACC1	713	6489	8547
LAMB1	123	157	581
LAMB2	211	276	944
LAMB4	13021	9033	18728
LAMTOR2	1556	1303	1014
LAT	966	594	414
LEAP2	7289	4387	254
LENEP	13457	17677.5	12518
LGALS9	536	356	275
LHX3	18329	22575	11524
LHX9	9978	25081.5	14392
LIF	310	1991	951
LIX1	594	10525	14725
LMNA	135	204	591
LMTK3	1031	4959	7477
LNPEP	2324	4187	1633
LRRC32	219	934	793
LRRC3C	14333	18564	16405.5
LRRK2	862	6301	702
LSMEM2	2188	3209	6642
LY9	11632	4114	1250
LYRM9	7471	11532	8964.5
MAGI3	5761	6272	9347
MAMSTR	643	8900	6069
MANF	420	437	178
MAP3K8	846	1019	401
MAPKAPK2	234	436	314
MAPKAPK3	167	342	693
MED1	4831	6627	3798
MED24	949	1890	2486
MEX3A	11552	12953	11189
MGAT3	951	3057	1557
MIDN	154	208	263
MIEN1	399	501	677
MLX	774	887	756
MMEL1	12315	9312	12222
MMP9	239	2758	16
MON1A	3757	5648	5918
MORN1	3805	11142	11186
MPZ	4	162	1919
MRPL4	1384	1139	1134
MSL1	714	1000	337
MST1	575	1429	50
MST1R	4646	910	8541
MSTO1	3963	5346	2387
MTMR3	2654	2727	526
MTPAP	5763	8928	8316
MTX1	5018	4428	821
MUC1	919	26	5117
MUC19	21280	23453	12331
MYOZ3	486	11235	8502
NAGLU	1273	1414	1385
NAT6	2450	3295	2272
NCKIPSD	949	2995	2503
NCOA5	1151	1997	1989
NDFIP1	114	1269	846
NDUFAF3	337	538	546
NEFH	127	7547	4941
NEURL2	1451	3374	3453
NEUROD2	335	17810	16188
NF2	1943	4853	6000
NFATC2IP	1872	1662	2156
NICN1	1611	2421	3347
NIPSNAP1	2180	2614	555
NKD1	1578	2334	10778
NKX2-3	8269	1268	1068
NME6	6115	7150	4707
NOD2	6052	3722	1258
NOS2	6794	977	8467
NOTCH1	2218	1761	898
NPIPB6	10624	13938	10453
NPIPB9	16441	17017	17110
NPRL2	1097	1793	1776
NR1D1	93	370	484
NR1I3	8938	12692	271
NTN5	10244	14240	10520
NUPR1	51	56	132
NXPE1	16507	501	18409
NXPE2	15440	7692	20817
NXPE4	15794	168	16830
OLFML3	352	401	2192
OLIG3	24379	19479.5	18486
ORAI3	2723	2554	1023
ORMDL3	339	1349	414
OSM	4455	8174	181
OTUD3	3980	6045	6104
P4HA2	1937	3796	6540
P4HTM	1129	2279	4433
PANK4	2300	3474	3236
PAPOLG	6646	9332	5539
PARD3	1479	947	4508
PARK7	220	332	301
PCDH12	1602	7501	1671
PCIF1	1285	1583	956
PCP4L1	66	1051	5996
PDE4A	2641	4043	2037
PDGFB	587	1893	4945
PDLIM4	555	339	5248
PER3	983	1624	3464
PEX10	4336	5965	5384
PEX13	2739	3337	1967
PFKFB3	34	379	117
PFKFB4	5207	3669	700
PFKL	298	327	381
PGAP3	2326	1631	1931
PHKG2	2421	1895	1531
PHLDB1	476	1412	2566
PHTF1	2578	10215	1997
PKIG	327	253	2091
PKLR	13643	5875	668
PLA2G2A	10	15	15
PLA2G2E	17861	20598	22135.5
PLCH2	271	1275	1965
PLEKHH2	1406	3358	7200
PLEKHH3	1074	1160	2574
PLTP	84	151	99
PLXDC1	1602	3078	5252
PLXNB1	388	383	622
PMPCA	1954	2288	1266
PNMT	1045	1698	5800
POLR2E	319	443	419
PPDPF	80	68	115
PPIF	407	358	232
PPIL2	4644	4327	4677
PPP1R1B	12	189	4859
PPP5D1	12871	17288.5	15529.5
PRDM1	5959	562	1697
PRKAA1	1193	2267	1871
PRKAR2A	937	4125	2930
PRKD2	1617	1742	428
PRKRIR	1731	2844	2841
PRM1	879	2669	3996
PRM2	815	2267	4025
PRM3	18664	18608.5	12770
PRMT7	2168	4892	5257
PRPF19	249	566	386
PRR14	1312	1164	829
PRSS36	6424	9677	4698
PRSS53	5730	9182	2821
PRSS8	7412	109	987
PSMC3IP	3996	5999	4691
PSMD3	177	646	534
PSME3	1361	1240	928
PSMG2	738	988	854
PTGER4	3305	3108	1476
PTGIR	362	1872	2724
PTK6	9365	305	5564
PTPN2	2944	5572	2452
PTPN22	8990	5998	1389
PTPRK	2400	2275	4011
PTRF	53	46	280
PUS10	8608	10050	7033
PWP2	2586	3293	2380
PYCARD	914	654	122
PYDC1	1957	18015.5	16130
QARS	654	407	617
QRICH1	1242	1425	1623
QSOX2	1353	2590	2704
RAB1A	279	304	302
RAB25	5452	140	6868
RAB5C	2706	2479	1794
RABEP2	4397	2826	2567
RAD50	3484	4631	2583
RAMP2	140	392	764
RASGRP1	1939	5321	1827
RASIP1	623	278	1521
RASSF1	666	887	590
RASSF5	827	1271	481
RAVER1	3065	1893	1334
RBM17	1206	1927	1645
RBM22	1895	2942	1352
RBM5	243	378	378
RBM6	382	224	334
RBM7	12701	14987	10333.5
REL	6603	8097	2519
REV3L	1964	3808	6004
REXO2	708	651	1851
RHOA	65	113	68
RIT1	3260	2451	1058
RLN2	15219.5	15622	9892
RMI2	9490	5625	3583
RNASET2	448	1044	202
RNF114	437	1140	1031
RNF123	510	3053	1043
RNF14	1347	2181	2200
RNF145	907	1045	1171
RNF186	13697	886	9774
RNF40	2144	2468	1385
RNPEPL1	506	501	275
RPF2	2361	3660	4029
RPL18	78	60	67
RPL19	25	28	24
RPL3	29	41	47
RPL37	223	428	228
RPS6KA2	689	1104	2466
RSBN1	3613	7723	2831
RSPH3	7904	6726	8422
RSPO3	739	401	6200
RTEL1	12016	13585	13084
RUSC1	753	2547	5236
RUSC1-AS1	1666	461	815
RXFP4	14135	8916	10003.5
S1PR2	5036	6840	3363
S1PR5	677	3254	356
SAG	7752	20917.5	15961.5
SBK1	1034	11984	4200
SBNO2	391	444	185
SCAMP3	1182	1314	1563
SDCCAG3	2001	1624	1045
SDF2L1	362	462	191
SDHC	670	784	857
SEC16A	2530	1574	1172
SEH1L	3465	4877	5071
SEMA3B	104	471	5695
SEMA3F	1169	459	371
SEMA4A	2140	1797	319
SEPHS2	896	438	211
SEPT1	15031	14913	11398
SEPT8	98	2500	1783
SERBP1	715	679	427
SERINC3	421	638	780
SETD1A	3120	3893	4389
SF3A1	992	1454	725
SH2B1	1667	1744	1682
SHC1	391	318	220
SHISA5	541	510	153
SHROOM1	1011	1286	240
SKAP2	1815	2647	521
SLAMF1	2894	6648	354
SLAMF7	3727	501	197
SLC12A5	276	17449	11640
SLC15A3	343	1276	421
SLC16A10	1460	7042	7882
SLC1A5	425	235	421
SLC22A4	1274	4846	642
SLC22A5	427	2158	4843
SLC25A20	560	898	473
SLC25A28	304	499	614
SLC26A3	11402	21	9023
SLC26A6	677	554	863
SLC2A13	1833	8525	8597
SLC2A4RG	559	621	250
SLC35D1	3990	2548	1668
SLC38A3	1228	7460	203
SLC44A2	206	281	234
SLC50A1	1933	571	1157
SLC9A2	6287	2772	14040
SLC9A3	1310	209	3250
SLC9A4	22605	982	15079
SLC9A8	2782	3545	705
SMAD3	974	1531	2014
SMO	1312	3180	1880
SMPD3	3167	2455	4840
SNAI1	848	2202	1756
SNAPC4	3207	4266	3077
SNX20	6465	5795	1196
SOCS1	1348	1649	876
SOWAHA	86	2466	10084
SP100	1804	2670	1240
SP110	1511	3062	723
SP140	7207	2415	1179
SP140L	4953	3087	3193
SPACA4	16754.5	5942	14940
SPATA2	1986	5427	4042
SPATA25	6570	8330	5357
SPHK2	3699	5777	4628
SPINK8	9526	8370	5755
SPIRE1	1161	4162	4706
SPNS1	1135	1293	1711
SPRED2	2583	4700	4317
SPRY4	813	3598	3354
SRCAP	2352	2712	3136
SRMS	11639	9859	12284
SSR2	388	264	213
STAC2	161	6155	12554
STARD3	671	1119	1011
STAT1	228	445	116
STAT3	189	275	308
STAT4	1806	5081	1164
STAT5A	451	1755	1070
STAT5B	380	882	269
STK11	651	1756	577
STMN3	83	1242	869
STRN4	1235	1171	964
STX1B	196	10241	5252
STX4	1117	1834	947
SULT1A1	1345	546	312
SULT1A2	9719	1144	1295
SULT2B1	4811	151	14066
SYNGR1	65	2182	5468
SYNPO	109	270	1676
SYT11	138	3075	2732
TAB1	2340	3072	3642
TAGAP	3079	3110	605
TANGO6	4554	8543	5711
TBC1D10A	5048	4568	4404
TBC1D10B	1124	2266	745
TCAP	20	32	121
TCP10L2	19725	21395	16024
TCTA	724	1233	788
TFAM	4707	6221	2474
THADA	4595	9075	4044
THBS3	1558	1057	2612
THEMIS	8366	10694	3795
THOC5	3426	2932	1506
THRA	244	1258	5349
TM9SF2	824	523	485
TMA7	82	222	159
TMCO4	2099	3180	4331
TMEM109	397	437	896
TMEM115	1203	1082	1162
TMEM132A	1293	1042	7733
TMEM171	7529	538	2663
TMEM174	22160	21497	21316
TMEM191C	5496	12644	11071
TMEM25	1400	2223	2044
TMEM259	248	226	250
TMEM89	9450	10869	7545
TNFAIP3	360	783	247
TNFRSF14	522	427	291
TNFRSF9	10765	15379.5	4710
TNFSF15	11441.5	5653	5304
TNFSF8	8974	7180	1831
TNIP1	341	455	180
TNP2	18723	21404	17017.5
TNPO3	1974	2469	1387
TPPP	335	3468	10524
TRAF3IP2	2299	3572	5216
TRAIP	5791	8117	5159
TREH	10903	1401	6112
TRIM46	2867	9832	7484
TRIM72	531	13808	8962
TRPM2	3142	8055	1464
TSPAN33	1214	2213	211
TTC33	2393	6324	4685
TTC34	11210	19940	14168
TTC36	2837	10467	283
TTPAL	3055	4853	1324
TUBG1	710	921	451
TUBG2	269	918	2410
TUFM	256	232	340
TUSC2	954	1988	1885
TYK2	1403	857	567
UBA7	768	414	464
UBAC2	1545	1764	2866
UBE2D1	424	1869	524
UBE2L3	812	818	1067
UBE2V1	8349	10651	7761
UBLCP1	1280	2443	1260
UBQLN4	990	1414	1890
UCN2	9925	17237.5	37533.5
UGT1A10	18823.5	1212	17273
UGT1A8	18801.5	3399	18762.5
UGT1A9	14980	12385	374
UPK2	7044	5193	5732
UQCR10	172	236	691
UQCRC1	78	91	416
UQCRQ	89	91	125
USP19	871	1898	2398
USP34	1740	2827	2372
USP4	3145	3288	1085
USP40	4029	4146	4043
UTS2	2371	13823	3746
VAMP3	264	819	595
VKORC1	12851	14183	10019
VPRBP	1946	4895	3512
VPS25	1602	803	936
WDR6	312	346	530
WISP2	59	120	5878
WNK4	8185	1582	12808
XPO1	504	1225	994
XPO6	1158	1311	76
YDJC	2465	1993	1578
YPEL1	1181	5483	5461
YY1AP1	537	930	359
ZBTB40	2071	2771	3239
ZBTB46	1963	8284	2644
ZBTB7B	1367	543	545
ZCCHC24	228	446	1516
ZFP36L1	106	133	99
ZFP36L2	123	152	231
ZFP90	3011	7689	5442
ZGLP1	1505	5371	3665
ZGPAT	1830	2349	1931
ZMAT5	1993	1388	1179
ZMIZ1	1586	1459	1616
ZMYND10	1405	12955	6638
ZNF300	4122	6522	9510
ZNF335	3703	4280	2606
ZNF365	1549	3599	12553
ZNF48	4880	5128	5285
ZNF629	3064	4576	7911
ZNF646	7809	10868.5	5166
ZNF668	8971	10325	4811
ZNF688	4310	4667	3687
ZNF689	6345	8163	7789
ZNF764	6069	5005	5943
ZNF768	1990	3717	5093
ZNF771	3748	8754	5864
ZNF785	6303	7780	7156
ZPBP2	18064	20008	9707
